
if game:GetService("CoreGui"):FindFirstChild("BlackTrap") then
    game:GetService("CoreGui")["BlackTrap"]:Destroy()
end

-- Color -- 
_G.WindowBackgroundColor = Color3.fromRGB(12,12,12)
_G.BackgroundItemColor = Color3.fromRGB(20, 20, 20)
_G.TabWindowColor = Color3.fromRGB(30, 30, 30)
_G.ContainerColor = Color3.fromRGB(30, 30, 30)
_G.TitleTextColor = Color3.fromRGB(150, 150, 150)
_G.ImageColor = Color3.fromRGB(150, 150, 150)
_G.LineThemeColor = Color3.fromRGB(150, 150, 150)
_G.TabTextColor = Color3.fromRGB(150, 150, 150)
_G.TabImageColor = Color3.fromRGB(150, 150, 150)
_G.TabThemeColor = Color3.fromRGB(250, 0, 0)
_G.SectionColor = Color3.fromRGB(150, 150, 150)
_G.SectionImageColor = Color3.fromRGB(150, 150, 150)
_G.SectionTextColor = Color3.fromRGB(150, 150, 150)
_G.SectionOn = Color3.fromRGB(0, 250, 0)

-- Link Blacklib --
local Blacklib = loadstring(game:HttpGet('https://raw.githubusercontent.com/kickTh/New-Ui/main/BlackTrap_Gui_V1.3.txt'))()
-- Blacklib Window --
local Win = Blacklib:Window("Gui")
-- Tabes --
local Main = Win:Tab("• Main", "rbxassetid://8825667942")
local Home = Win:Tab("• Home", nil)
local Game = Win:Tab("• Game", nil)
-- Section --
local Main_1 = Main:NewSection("KA"))
local Home_1 = Home:NewSection("")
local Game_1 = Game:NewSection("")

-- function Main --

local UIS = game:GetService("UserInputService")
local VirtualUser = game:GetService("VirtualUser")
local VIM =game:GetService("VirtualInputManager")
local ReplStorage = game:GetService("ReplicatedStorage")
local Players = game:GetService("Players")
local Imput = game:GetService("UserInputService")
local COREGUI = game:GetService("CoreGui")
local LP = game:GetService("Players").LocalPlayer
local HttpService = game:GetService("HttpService")
local RunS = game:GetService("RunService")
local X, Y = 0, 0
local Mouse = LP:GetMouse()
local GetLocalName = LP.Name
local request = (syn and syn.request) or (http and http.request) or http_request
local client = game:GetService("Players").LocalPlayer
local Plr = game:GetService("Players").LocalPlayer
local Data = game:GetService("ReplicatedStorage")["Player_Data"][game.Players.LocalPlayer.Name]


local function GetHuman()
    local h = LP.Character
    h = h and (h:FindFirstChild("Humanoid") or h:FindFirstChildWhichIsA("Humanoid"))
    return h or workspace.CurrentCamera.CameraSubject
end

local GramxProjectFloat = tostring(math.random(0, 100000))
local TweenFloatVelocity = Vector3.new(0,0,0)
function CreateTweenFloat()
    local BV = game.Players.LocalPlayer.Character.HumanoidRootPart:FindFirstChild(GramxProjectFloat) or Instance.new("BodyVelocity")
    BV.Parent = game.Players.LocalPlayer.Character.HumanoidRootPart
    BV.Name = GramxProjectFloat
    BV.MaxForce = Vector3.new(100000, 100000, 100000)
    BV.Velocity = TweenFloatVelocity
end


local function GetDistance(Endpoint)
    if typeof(Endpoint) == "Instance" then
       Endpoint = Vector3.new(Endpoint.Position.X, game.Players.LocalPlayer.Character.HumanoidRootPart.Position.Y, Endpoint.Position.Z)
    elseif typeof(Endpoint) == "CFrame" then
       Endpoint = Vector3.new(Endpoint.Position.X, game.Players.LocalPlayer.Character.HumanoidRootPart.Position.Y, Endpoint.Position.Z)
    end
    local Magnitude = (Endpoint - game.Players.LocalPlayer.Character.HumanoidRootPart.Position).Magnitude
    return Magnitude
end


function Tween(Endpoint)
    if typeof(Endpoint) == "Instance" then
       Endpoint = Endpoint.CFrame
    end
    local TweenFunc = {}
    local Distance = GetDistance(Endpoint)
    local TweenInfo = game:GetService("TweenService"):Create(game.Players.LocalPlayer.Character.HumanoidRootPart, TweenInfo.new(Distance/getgenv().tweenspeed, Enum.EasingStyle.Linear), {CFrame = Endpoint * CFrame.fromAxisAngle(Vector3.new(1,0,0), math.rad(0))})
    TweenInfo:Play()
    function TweenFunc:Cancel()
       TweenInfo:Cancel()
       return false
    end
    if Distance <= 100 then
        game.Players.LocalPlayer.Character.HumanoidRootPart.CFrame = Endpoint
       TweenInfo:Cancel()
       return false
    end
    return TweenFunc
end

local function SkillBind(bind)
    pcall(function()
        VIM:SendKeyEvent(true,bind,false,game)
        task.wait()
        VIM:SendKeyEvent(false,bind,false,game)
        wait(.2)
    end)
end

LPH_JIT_MAX(function() 
    local oldmt 
    oldmt = hookmetamethod(game, "__namecall", function(self, ...)
        if (not checkcaller()) and getnamecallmethod():lower() == "kick" then 
            return
        end 

        if getnamecallmethod() == "InvokeServer" and self.Name == "reporthackerasdasd" then 
            return 
        end 

        if getnamecallmethod() == "FireServer" and self.Name:match("modd") then 
            return 
        end 
        return oldmt(self, ...)
    end)
end)();

function Hop()
    local PlaceID = game.PlaceId
    local AllIDs = {}
    local foundAnything = ""
    local actualHour = os.date("!*t").hour
    local Deleted = false
    function TPReturner()
        local Site;
        if foundAnything == "" then
            Site = game.HttpService:JSONDecode(game:HttpGet('https://games.roblox.com/v1/games/' .. PlaceID .. '/servers/Public?sortOrder=Asc&limit=100'))
        else
            Site = game.HttpService:JSONDecode(game:HttpGet('https://games.roblox.com/v1/games/' .. PlaceID .. '/servers/Public?sortOrder=Asc&limit=100&cursor=' .. foundAnything))
        end
        local ID = ""
        if Site.nextPageCursor and Site.nextPageCursor ~= "null" and Site.nextPageCursor ~= nil then
            foundAnything = Site.nextPageCursor
        end
        local num = 0;
        for i,v in pairs(Site.data) do
            local Possible = true
            ID = tostring(v.id)
            if tonumber(v.maxPlayers) > tonumber(v.playing) then
                for _,Existing in pairs(AllIDs) do
                    if num ~= 0 then
                        if ID == tostring(Existing) then
                            Possible = false
                        end
                    else
                        if tonumber(actualHour) ~= tonumber(Existing) then
                            local delFile = pcall(function()
                                AllIDs = {}
                                table.insert(AllIDs, actualHour)
                            end)
                        end
                    end
                    num = num + 1
                end
                if Possible == true then
                    table.insert(AllIDs, ID)
                    wait()
                    pcall(function()
                        wait()
                        game:GetService("TeleportService"):TeleportToPlaceInstance(PlaceID, ID, game.Players.LocalPlayer)
                    end)
                    wait(4)
                end
            end
        end
    end
    function Teleport() 
        while wait() do
            pcall(function()
                TPReturner()
                if foundAnything ~= "" then
                    TPReturner()
                end
            end)
        end
    end
    Teleport()
end

LPH_JIT_MAX(function() 
    local oldmt 
    oldmt = hookmetamethod(game, "__namecall", function(self, ...)
        if (not checkcaller()) and getnamecallmethod():lower() == "kick" then 
            return
        end 

        if getnamecallmethod() == "InvokeServer" and self.Name == "reporthackerasdasd" then 
            return 
        end 

        if getnamecallmethod() == "FireServer" and self.Name:match("modd") then 
            return 
        end 
        return oldmt(self, ...)
    end)
end)();


local TrainersCF = {
    ["Water Trainer"] = CFrame.new(705.209229, 261.426819, -2409.51587, -0.566798735, -5.48522401e-08, -0.641887605, -7.38932258e-08, 1, 2.8182352e-09, 0.641887605, 4.95921633e-08, -0.566798735),
    ["Insect Trainer"] = CFrame.new(2873.81177, 316.95871, -3917.9397, 0.40715313, 4.81208531e-08, 0.91335988, -8.85969982e-08, 1, -1.31911939e-08, -0.91335988, -7.55501048e-08, 0.40715313),
    ["Thunder Trainer"] = CFrame.new(-322.369507, 426.857788, -2384.4021, 0.361198723, -4.49157973e-08, -0.932488859, 1.14233451e-07, 1, -3.91942434e-09, 0.932488859, -1.05105727e-07, 0.361198723),
    ["Wind Trainer"] = CFrame.new(1792.31458, 334.338989, -3521.31104, 0.862527311, -5.19402583e-08, -0.506010473, 8.30083167e-08, 1, 3.88463874e-08, 0.506010473, -7.55091492e-08, 0.862527311)
}

local Villages = {
    ["Zapiwara Mountain"] = CFrame.new(-365.617981, 425.857422, -2303.92285, -0.351566792, -6.70503529e-13, 0.93616277, 9.77098068e-13, 1, 1.08316502e-12, -0.93616277, 1.2955277e-12, -0.351566792),
    ["Waroru Cave"] = CFrame.new(683.164062, 261.426819, -2401.41797, 0.137014925, -3.46316149e-08, 0.990568995, 6.38769482e-09, 1, 3.4077793e-08, -0.990568995, 1.65828595e-09, 0.137014925),
    ["Slasher Demon"] = CFrame.new(-485.866608, 274.511871, -3314.98169, -0.79503566, -1.09233929e-08, -0.606562674, 1.19430055e-09, 1, -1.95740775e-08, 0.606562674, -1.62865081e-08, -0.79503566),
    ["Ushumaru Village"] = CFrame.new(-90.0373688, 354.723511, -3170.00439, 0.817297578, -1.0121405e-08, 0.576215804, 3.12666586e-08, 1, -2.6782951e-08, -0.576215804, 3.99059843e-08, 0.817297578),
    ["Ouwbayashi Home"] = CFrame.new(1593.49072, 315.983917, -4618.15088, -0.795035839, -1.09234e-08, -0.606562734, 1.19429622e-09, 1, -1.95740828e-08, 0.606562734, -1.62865081e-08, -0.795035839),
    ["Kabiwaru Village"] = CFrame.new(2037.20203, 315.908813, -2956.77539, -0.795035839, -1.09234e-08, -0.606562734, 1.19429622e-09, 1, -1.95740828e-08, 0.606562734, -1.62865081e-08, -0.795035839),
    ["Zapiwara Cave"] = CFrame.new(-8.2838707, 275.944641, -2414.72607, -0.795035779, -1.09233964e-08, -0.606562555, 1.19429289e-09, 1, -1.95740775e-08, 0.606562555, -1.62865046e-08, -0.795035779),
    ["Dangerous Woods"] = CFrame.new(4061.43677, 342.289581, -3928.90332, -0.795035839, -1.09233973e-08, -0.606562614, 1.19429444e-09, 1, -1.95740775e-08, 0.606562614, -1.62865064e-08, -0.795035839),
    ["Final Selection"] = CFrame.new(5200.76709, 365.949982, -2425.61646, -0.795035779, -1.09233964e-08, -0.606562555, 1.19429289e-09, 1, -1.95740775e-08, 0.606562555, -1.62865046e-08, -0.795035779),
    ["Kiribating Village"] = CFrame.new(-40.3280869, 282.282745, -1623.75159, -0.795035839, -1.09233991e-08, -0.606562614, 1.19429266e-09, 1, -1.95740792e-08, 0.606562614, -1.62865046e-08, -0.795035839),
    ["Butterfly Mansion"] = CFrame.new(3022.90869, 316.075623, -3928.17261, -0.795035779, -1.09233982e-08, -0.606562555, 1.19429144e-09, 1, -1.95740775e-08, 0.606562555, -1.62865046e-08, -0.795035779),
    ["Abubu Cave"] = CFrame.new(1044.44873, 276.190704, -3483.0647, -0.795035839, -1.09233991e-08, -0.606562614, 1.19429266e-09, 1, -1.95740792e-08, 0.606562614, -1.62865046e-08, -0.795035839),
}

local BossessTable = {"Sabito", "Susamaru", "Zanegutsu Kuuchie", "Yahaba", "Bandit Kaden", "Bandit Zoku", "Shiron", "Nezuko", "Slasher", "Giyu", "Sanemi"}
local bosCFTable = {
    Susamaru = CFrame.new(1415.65686, 315.908813, -4571.56445, 0.546769679, 9.56999102e-08, -0.837283075, -3.89699188e-08, 1, 8.88496885e-08, 0.837283075, -1.59514606e-08, 0.546769679),
    Sabito = CFrame.new(1257.60046, 275.351685, -2834.26611, -0.999906898, 0, 0.0136531433, 0, 1, 0, -0.0136531433, 0, -0.999906898),
    ["Zanegutsu Kuuchie"] = CFrame.new(-336.3461, 425.857422, -2271.75513, -0.698250651, 1.51218398e-08, 0.715853333, -2.08847464e-08, 1, -4.1495408e-08, -0.715853333, -4.39246115e-08, -0.698250651),
    Yahaba = CFrame.new(1415.65686, 315.908813, -4571.56445, 0.546769679, 9.56999102e-08, -0.837283075, -3.89699188e-08, 1, 8.88496885e-08, 0.837283075, -1.59514606e-08, 0.546769679),
    ["Bandit Kaden"] = CFrame.new(-569.584351, 304.46698, -2827.55371, 0.480675608, -1.73434103e-08, 0.876898468, 1.14556499e-07, 1, -4.30165024e-08, -0.876898468, 1.21131407e-07, 0.480675608),
    Shiron = CFrame.new(3203.10229, 370.884155, -3953.36035, 0.839348018, 3.06273158e-08, -0.54359442, -9.09106301e-09, 1, 4.23049826e-08, 0.54359442, -3.05667527e-08, 0.839348018),
    Nezuko = CFrame.new(3549.86816, 342.214478, -4595.73145, 0.869256139, 6.38721716e-08, -0.494362026, -6.77404373e-08, 1, 1.00905426e-08, 0.494362026, 2.47170338e-08, 0.869256139),
    ["Bandit Zoku"] = CFrame.new(174.656708, 283.257355, -1969.98572, -0.814278841, -6.32300328e-08, 0.5804739, -9.84254598e-08, 1, -2.91412618e-08, -0.5804739, -8.08625273e-08, -0.814278841),
    Slasher =  CFrame.new(4355.59082, 342.214478, -4386.90527, -0.943093359, 9.45450722e-08, -0.332528085, 7.62970487e-08, 1, 6.79336054e-08, 0.332528085, 3.86968253e-08, -0.943093359),
    Giyu = CFrame.new(3013.30884, 316.95871, -2916.32202, 0.76092875, 3.55993954e-08, 0.648835421, -1.75982926e-08, 1, -3.4228016e-08, -0.648835421, 1.46266848e-08, 0.76092875),
    Sanemi = CFrame.new(1619.91357, 348.461884, -3717.00464, 0.995524168, -1.20393835e-07, 0.0945073739, 1.19773844e-07, 1, 1.22327712e-08, -0.0945073739, -8.58508931e-10, 0.995524168)
}


--Ka Settings
local function attack(method)
    game:GetService("ReplicatedStorage").Remotes.To_Server.Handle_Initiate_S:FireServer(method, client, client.Character, client.Character.HumanoidRootPart, client.Character.Humanoid, 919, "ground_slash")
    game:GetService("ReplicatedStorage").Remotes.To_Server.Handle_Initiate_S:FireServer(method, client, client.Character, client.Character.HumanoidRootPart, client.Character.Humanoid, math.huge, "ground_slash")
    game:GetService("ReplicatedStorage").Remotes.To_Server.Handle_Initiate_S:FireServer(method, client, client.Character, client.Character.HumanoidRootPart, client.Character.Humanoid, 919, "ground_slash")
    game:GetService("ReplicatedStorage").Remotes.To_Server.Handle_Initiate_S:FireServer(method, client, client.Character, client.Character.HumanoidRootPart, client.Character.Humanoid, math.huge, "ground_slash")
    game:GetService("ReplicatedStorage").Remotes.To_Server.Handle_Initiate_S:FireServer(method, client, client.Character, client.Character.HumanoidRootPart, client.Character.Humanoid, 919, "ground_slash")
    game:GetService("ReplicatedStorage").Remotes.To_Server.Handle_Initiate_S:FireServer(method, client, client.Character, client.Character.HumanoidRootPart, client.Character.Humanoid, math.huge, "ground_slash")
    game:GetService("ReplicatedStorage").Remotes.To_Server.Handle_Initiate_S:FireServer(method, client, client.Character, client.Character.HumanoidRootPart, client.Character.Humanoid, 919, "ground_slash")
    game:GetService("ReplicatedStorage").Remotes.To_Server.Handle_Initiate_S:FireServer(method, client, client.Character, client.Character.HumanoidRootPart, client.Character.Humanoid, math.huge, "ground_slash")
    game:GetService("ReplicatedStorage").Remotes.To_Server.Handle_Initiate_S:FireServer(method, client, client.Character, client.Character.HumanoidRootPart, client.Character.Humanoid, 919, "ground_slash")
    game:GetService("ReplicatedStorage").Remotes.To_Server.Handle_Initiate_S:FireServer(method, client, client.Character, client.Character.HumanoidRootPart, client.Character.Humanoid, math.huge, "ground_slash")
    game:GetService("ReplicatedStorage").Remotes.To_Server.Handle_Initiate_S:FireServer(method, client, client.Character, client.Character.HumanoidRootPart, client.Character.Humanoid, 919, "ground_slash")
    game:GetService("ReplicatedStorage").Remotes.To_Server.Handle_Initiate_S:FireServer(method, client, client.Character, client.Character.HumanoidRootPart, client.Character.Humanoid, math.huge, "ground_slash")
    game:GetService("ReplicatedStorage").Remotes.To_Server.Handle_Initiate_S:FireServer(method, client, client.Character, client.Character.HumanoidRootPart, client.Character.Humanoid, 919, "ground_slash")
    game:GetService("ReplicatedStorage").Remotes.To_Server.Handle_Initiate_S:FireServer(method, client, client.Character, client.Character.HumanoidRootPart, client.Character.Humanoid, math.huge, "ground_slash")
    game:GetService("ReplicatedStorage").Remotes.To_Server.Handle_Initiate_S:FireServer(method, client, client.Character, client.Character.HumanoidRootPart, client.Character.Humanoid, 919, "ground_slash")
    game:GetService("ReplicatedStorage").Remotes.To_Server.Handle_Initiate_S:FireServer(method, client, client.Character, client.Character.HumanoidRootPart, client.Character.Humanoid, math.huge, "ground_slash")
end

local attackMethods = {
    ["Combat"] = 'fist_combat',
    ["Sword"] = 'Sword_Combat_Slash',
    ["Scythe"] = 'Scythe_Combat_Slash',
    ["Claw"] = 'claw_Combat_Slash',
    ["Fans"] = 'fans_combat_slash'
}

if game.ReplicatedStorage:FindFirstChild("Remotes"):FindFirstChild("getclientping") then 
    game.ReplicatedStorage:FindFirstChild("Remotes"):FindFirstChild("getclientping").OnClientInvoke = function() 
        task.wait()
        return true 
    end 
end 


setfflag("HumanoidParallelRemoveNoPhysics", "False")
setfflag("HumanoidParallelRemoveNoPhysicsNoSimulate2", "False")

Main_1:Button("Button", function()
end)


Main_1:Toggle("Kill Aura", function(value)
    getgenv().killaura = value
end)

getgenv().Method = "Sword"
Main_1:Dropdown("Kill Aura Method", {"Scythe","Sword","Combat","Claw","Fans"}, "Sword", false, function(v)
    getgenv().Method = v
end)












task.spawn(function()
    while task.wait() do
        pcall(function()
        if killaura then
            attack(attackMethods[Method])
            task.wait(1.9)
            end
        end)
    end
end)

-- function Home --

Home_1:Line()

Home_1:Label("Label")


Home_1:Button("Button", function()
end)


Home_1:Toggle("Toggle", function()
end)

Home_1:TextBox("Text Box", "Enter Value", function()
end)

Home_1:Slider("Slider",0,500,50, function(tl)
    game.Players.LocalPlayer.Character.Humanoid.WalkSpeed = t
end)

local Lizet = {
      "1";
      "2";
      "3";
      "4";
      "5";
}
local TestDropdown = Home_1:Dropdown("Testing", Lizet, function(value)
    _G.Vasted = value
end)

Home_1:Button("Clear Dropdown", function()
    TestDropdown:Clear()
end)


Home_1:Button("Notification", function()
    Blacklib:Notification("Notification")
end)
